missing_dates_MK_Seeing
20100101
20100102
20100105
20100114
20100125
20100203
20100204
20100205
20100206
20100207
20100208
20100209
20100210
20100211
20100212
20100213
20100214
20100215
20100216
20100217
20100218
20100219
20100220
20100221
20100222
20100223
20100224
20100225
20100226
20100227
20100228
20100301
20100302
20100303
20100304
20100305
20100306
20100307
20100308
20100309
20100310
20100311
20100312
20100313
20100314
20100315
20100317
20100325
20100331
20100408
20100410
20100430
20100529
20100601
20100623
20100709
20100807
20100922
20100923
20100924
20100925
20100926
20100927
20100928
20100929
20100930
20101001
20101002
20101003
20101004
20101005
20101006
20101007
20101008
20101019
20101021
20101025
20101028
20101106
20101115
20101119
20101120
20101130
20101202
20101210
20101211
20101213
20101220
20101221
20101222
20101223
20101224
20101225
20101227
20101228
20101229
20101230
20101231
20110101
20110102
20110103
20110108
20110109
20110110
20110111
20110112
20110113
20110114
20110115
20110120
20110121
20110122
20110123
20110124
20110208
20110223
20110224
20110225
20110227
20110304
20110305
20110306
20110307
20110308
20110320
20110327
20110328
20110406
20110407
20110408
20110409
20110410
20110411
20110412
20110413
20110502
20110503
20110505
20110507
20110508
20110509
20110510
20110511
20110512
20110513
20110514
20110515
20110525
20110527
20110601
20110602
20110603
20110605
20110708
20110711
20110712
20110809
20110822
20110902
20110915
20110916
20111101
20111102
20111103
20111104
20111105
20111108
20111109
20111110
20111111
20111112
20111117
20111118
20111119
20111120
20111121
20111211
20111212
20111213
20111214
20111215
20111216
20111217
20111218
20111220
20111221
20111222
20111223
20111224
20111225
20111226
20111227
20111228
20111229
20120113
20120116
20120130
20120205
20120206
20120207
20120208
20120209
20120219
20120220
20120222
20120223
20120224
20120225
20120226
20120229
20120301
20120303
20120304
20120305
20120306
20120307
20120308
20120309
20120310
20120311
20120315
20120322
20120325
20120326
20120327
20120328
20120417
20120429
20120502
20120503
20120508
20120509
20120510
20120511
20120512
20120513
20120514
20120515
20120516
20120517
20120518
20120519
20120520
20120521
20120522
20120523
20120524
20120525
20120527
20120601
20120602
20120603
20120604
20120606
20120617
20120618
20120717
20120731
20120801
20120814
20120815
20120820
20120910
20120924
20121011
20121012
20121022
20121023
20121119
20121120
20121121
20121122
20121123
20121124
20121203
20121205
20121206
20121217
20121218
20121219
20121220
20121221
20121222
20121226
20130106
20130107
20130109
20130110
20130111
20130115
20130116
20130118
20130119
20130120
20130121
20130122
20130123
20130124
20130125
20130126
20130127
20130128
20130129
20130130
20130131
20130218
20130219
20130220
20130221
20130222
20130223
20130224
20130225
20130226
20130227
20130228
20130301
20130302
20130303
20130304
20130305
20130306
20130310
20130311
20130312
20130313
20130314
20130315
20130316
20130317
20130318
20130319
20130320
20130322
20130323
20130324
20130325
20130326
20130327
20130328
20130329
20130330
20130331
20130401
20130402
20130403
20130404
20130405
20130414
20130415
20130420
20130423
20130506
20130522
20130523
20130526
20130528
20130529
20130531
20130603
20130611
20130612
20130705
20130706
20130709
20130710
20130716
20130717
20130718
20130719
20130720
20130721
20130722
20130723
20130724
20130725
20130726
20130727
20130728
20130729
20130730
20130731
20130801
20130802
20130803
20130804
20130805
20130806
20130807
20130808
20130809
20130810
20130811
20130812
20130813
20130814
20130815
20130816
20130817
20130818
20130819
20130820
20130821
20130822
20130823
20130824
20130825
20130826
20130827
20130828
20130829
20130830
20130831
20130903
20130907
20130908
20130909
20130910
20130911
20130915
20131010
20131011
20131012
20131013
20131015
20131016
20131020
20131023
20131025
20131027
20131104
20131108
20131109
20131110
20131111
20131112
20131113
20131114
20131121
20131122
20131126
20131208
20131209
20131216
20131217
20131219
20131220
20131221
20131225
20131226
20131227
20131228
20131229
20131231
20140101
20140104
20140105
20140106
20140107
20140108
20140112
20140113
20140114
20140122
20140123
20140124
20140125
20140126
20140127
20140128
20140129
20140130
20140131
20140201
20140202
20140203
20140204
20140205
20140206
20140207
20140217
20140218
20140219
20140225
20140226
20140301
20140302
20140303
20140304
20140305
20140306
20140307
20140308
20140309
20140310
20140313
20140316
20140317
20140322
20140323
20140324
20140326
20140327
20140328
20140329
20140330
20140331
20140401
20140402
20140403
20140404
20140405
20140406
20140407
20140413
20140414
20140415
20140416
20140421
20140422
20140526
20140528
20140602
20140616
20140714
20140715
20140716
20140717
20140718
20140719
20140720
20140721
20140722
20140723
20140724
20140725
20140726
20140727
20140728
20140802
20140808
20140809
20140810
20140811
20140906
20140907
20140909
20140914
20140915
20140916
20140917
20140918
20140919
20140920
20140921
20140922
20140923
20140924
20140925
20140926
20140927
20140928
20140929
20140930
20141001
20141002
20141003
20141004
20141005
20141006
20141007
20141008
20141009
20141010
20141014
20141018
20141019
20141020
20141101
20141102
20141103
20141104
20141111
20141112
20141113
20141114
20141115
20141116
20141121
20141124
20141204
20141215
20141220
20141223
20141224
20141225
20141226
20141227
20141228
20141230
20141231
20150101
20150102
20150103
20150104
20150105
20150106
20150107
20150108
20150109
20150110
20150111
20150112
20150202
20150203
20150204
20150205
20150206
20150207
20150208
20150209
20150210
20150211
20150212
20150213
20150214
20150215
20150216
20150221
20150228
20150301
20150302
20150303
20150304
20150305
20150306
20150307
20150308
20150309
20150310
20150311
20150312
20150313
20150314
20150315
20150316
20150317
20150403
20150408
20150416
20150429
20150509
20150515
20150523
20150528
20150529
20150606
20150611
20150616
20150626
20150630
20150709
20150711
20150712
20150713
20150716
20150721
20150727
20150728
20150729
20150730
20150802
20150803
20150811
20150812
20150813
20150814
20150815
20150816
20150817
20150818
20150819
20150820
20150822
20150823
20150824
20150825
20150826
20150901
20150902
20150903
20150904
20150913
20150914
20150916
20150917
20150919
20150921
20150923
20150926
20150927
20150928
20150929
20150930
20151004
20151005
20151006
20151007
20151011
20151016
20151017
20151018
20151106
20151109
20151110
20151111
20151112
20151113
20151114
20151115
20151116
20151119
20151120
20151121
20151122
20151123
20151126
20151127
20151128
20151129
20151130
20151201
20151202
20151210
20151211
20151217
20151218
20151219
20151220
20151221
20151222
20151223
20151224
20151226
20151227
20151228
20151229
20160105
20160109
20160110
20160115
20160120
20160121
20160122
20160123
20160124
20160125
20160207
20160208
20160218
20160219
20160220
20160221
20160222
20160225
20160301
20160303
20160309
20160310
20160316
20160321
20160323
20160324
20160325
20160326
20160327
20160328
20160329
20160330
20160331
20160418
20160419
20160420
20160421
20160509
20160510
20160512
20160523
20160524
20160525
20160526
20160527
20160611
20160613
20160614
20160615
20160616
20160621
20160629
20160630
20160701
20160702
20160706
20160711
20160712
20160719
20160721
20160724
20160725
20160726
20160801
20160802
20160805
20160807
20160808
20160814
20160822
20160823
20160824
20160829
20160831
20160901
20160903
20160904
20160914
20160915
20160916
20160917
20160918
20160919
20160923
20160924
20160929
20160930
20161001
20161002
20161003
20161004
20161006
20161007
20161008
20161019
20161020
20161023
20161117
20161122
20161125
20161126
20161127
20161128
20161201
20161202
20161203
20161204
20161205
20161206
20161207
20161208
20161209
20161210
20161211
20161212
20161213
20161214
20161215
20161216
20161217
20161218
20161219
20161231
20170101
20170102
20170103
20170105
20170106
20170107
20170113
20170117
20170119
20170124
20170127
20170129
20170131
20170201
20170203
20170206
20170207
20170208
20170209
20170210
20170211
20170212
20170213
20170221
20170227
20170228
20170301
20170302
20170303
20170308
20170309
20170310
20170311
20170312
20170405
20170406
20170407
20170408
20170409
20170410
20170411
20170412
20170413
20170414
20170415
20170416
20170417
20170418
20170419
20170420
20170421
20170429
20170430
20170501
20170502
20170503
20170504
20170505
20170510
20170515
20170516
20170530
20170601
20170602
20170603
20170604
20170605
20170617
20170618
20170621
20170622
20170623
20170624
20170625
20170626
20170628
20170629
20170630
20170701
20170702
20170703
20170704
20170705
20170706
20170707
20170708
20170709
20170710
20170711
20170722
20170727
20170729
20170815
20170821
20170822
20170830
20170831
20170901
20170905
20170906
20170915
20170918
20170921
20170922
20170928
20170929
20171003
20171004
20171005
20171006
20171020
20171024
20171025
20171026
20171031
20171111
20171112
20171113
20171118
20171119
20171120
20171121
20171123
20171124
20171127
20171128
20171129
20171130
20171201
20171202
20171203
20171204
20171206
20171209
20171214
20171217
20171218
20171219
20171220
20171221
20171222
20171223
20171224
20171225
20171226
20171227
20171228
20171229
20171230
20171231
20180101
20180102
20180113
20180117
20180121
20180122
20180123
20180124
20180125
20180126
20180127
20180128
20180129
20180131
20180202
20180203
20180205
20180206
20180207
20180208
20180209
20180210
20180211
20180212
20180215
20180216
20180219
20180220
20180221
20180222
20180223
20180224
20180225
20180226
20180227
20180303
20180306
20180307
20180308
20180309
20180310
20180311
20180312
20180313
20180314
20180315
20180316
20180317
20180318
20180319
20180320
20180321
20180323
20180324
20180325
20180326
20180327
20180328
20180329
20180403
20180404
20180405
20180406
20180407
20180408
20180409
20180410
20180411
20180412
20180413
20180414
20180415
20180416
20180418
20180420
20180421
20180428
20180429
20180430
20180501
20180502
20180503
20180509
20180511
20180516
20180530
20180608
20180609
20180619
20180620
20180703
20180707
20180708
20180709
20180722
20180723
20180727
20180804
20180808
20180809
20180810
20180815
20180820
20180823
20180824
20180825
20180826
20180827
20180829
20180904
20180909
20180910
20180911
20180912
20180913
20180914
20180920
20181007
20181008
20181009
20181013
20181014
20181019
20181020
20181021
20181028
20181029
20181030
20181031
20181101
20181102
20181103
20181104
20181111
20181119
20181204
20181207
20181208
20181209
20181210
20181214
20181215
20181216
20181217
20181225
20181226
20181227
20181228
20181229
20181230
20190101
20190102
20190126
20190128
20190129
20190130
20190131
20190201
20190202
20190207
20190208
20190209
20190210
20190211
20190212
20190213
20190214
20190215
20190216
20190217
20190218
20190219
20190220
20190221
20190222
20190223
20190224
20190225
20190226
20190227
20190228
20190301
20190302
20190317
20190325
20190326
20190327
20190329
20190330
20190401
20190412
20190413
20190414
20190415
20190416
20190429
20190430
20190504
20190505
20190506
20190507
20190509
20190511
20190622
20190623
20190624
20190626
20190627
20190702
20190703
20190705
20190722
20190723
20190724
20190725
20190726
20190727
20190728
20190729
20190730
20190731
20190801
20190802
20190803
20190804
20190805
20190806
20190807
20190808
20190809
20190810
20190824
20190825
20190903
20190905
20190911
20190914
20190915
20190916
20190917
20190921
20190923
20191006
20191007
20191008
20191009
20191010
20191011
20191015
20191030
20191031
20191111
20191112
20191117
20191118
20191119
20191124
20191130
20191205
20191206
20191207
20191208
20191211
20191212
20191213
20191214
20191215
20191216
20191217
20191218
20191219
20191220
20191221
20191222
20191223
20191224
20191225
20191226
20191227
20191228
20191229
20191230
20191231
